%YAML:1.0
---
type: IMU
name: cam
Gyr:
   unit: " rad/s"
   avg-axis:
      gyr_n: 1.6725015388967225e-03
      gyr_w: 2.3386379188425999e-05
   x-axis:
      gyr_n: 1.1633614404081712e-03
      gyr_w: 1.0784864191120036e-05
   y-axis:
      gyr_n: 2.3195526943588724e-03
      gyr_w: 4.4795584636096893e-05
   z-axis:
      gyr_n: 1.5345904819231238e-03
      gyr_w: 1.4578688738061058e-05
Acc:
   unit: " m/s^2"
   avg-axis:
      acc_n: 1.3165098278729269e-02
      acc_w: 3.0796658860464870e-04
   x-axis:
      acc_n: 1.5808847057433888e-02
      acc_w: 4.6047224666372186e-04
   y-axis:
      acc_n: 1.0305393099194322e-02
      acc_w: 1.8234283181212918e-04
   z-axis:
      acc_n: 1.3381054679559598e-02
      acc_w: 2.8108468733809494e-04
